{
  "nbformat": 4,
  "nbformat_minor": 0,
  "metadata": {
    "colab": {
      "name": "Truss_simulation.ipynb",
      "provenance": [],
      "collapsed_sections": [],
      "authorship_tag": "ABX9TyN04E01uDnMnCAd6grEbpRN",
      "include_colab_link": true
    },
    "kernelspec": {
      "name": "python3",
      "display_name": "Python 3"
    }
  },
  "cells": [
    {
      "cell_type": "markdown",
      "metadata": {
        "id": "view-in-github",
        "colab_type": "text"
      },
      "source": [
        "<a href=\"https://colab.research.google.com/github/HeNeos/Reports-FIM-UNI/blob/master/MC516-C%C3%A1lculo%20por%20elementos%20finitos/PC3/Truss_simulation.ipynb\" target=\"_parent\"><img src=\"https://colab.research.google.com/assets/colab-badge.svg\" alt=\"Open In Colab\"/></a>"
      ]
    },
    {
      "cell_type": "code",
      "metadata": {
        "id": "mWNl_6VFN0ut",
        "colab_type": "code",
        "colab": {}
      },
      "source": [
        "import numpy as np\n",
        "import matplotlib.pyplot as plt\n",
        "import math\n",
        "import pandas as pd"
      ],
      "execution_count": null,
      "outputs": []
    },
    {
      "cell_type": "code",
      "metadata": {
        "id": "c306Pe9pN2KJ",
        "colab_type": "code",
        "colab": {}
      },
      "source": [
        "def NaiveMultiply(A,B):\n",
        "    C = np.zeros((A.shape[0],B.shape[1]))\n",
        "    for i in range(0,C.shape[0]):\n",
        "        for j in range(0,C.shape[1]):\n",
        "            aux = 0\n",
        "            for k in range(0,A.shape[1]):\n",
        "                aux += A[i][k]*B[k][j]\n",
        "            C[i][j] = aux\n",
        "    return C\n",
        " \n",
        "def nextPowerofTwo(n):\n",
        "    return int(2**(ceil(log2(n))))\n",
        " \n",
        "def ModifyMatrix(A):\n",
        "    newA = A\n",
        "    if(A.shape[1]%2 == 1):\n",
        "        aux = np.zeros((A.shape[0],A.shape[1]+1))\n",
        "        aux = np.insert(A,A.shape[1],0,axis=1)\n",
        "        newA = aux\n",
        "    if(newA.shape[0]%2 == 1):\n",
        "        aux = np.zeros((newA.shape[0]+1,newA.shape[1]))\n",
        "        aux = np.insert(newA,newA.shape[0],0,axis=0)\n",
        "        newA = aux\n",
        "    return newA\n",
        " \n",
        "def FastMultiply(oldA,oldB):\n",
        "    rows = oldA.shape[0]\n",
        "    columns = oldB.shape[1]\n",
        "    if(rows <= 2 or columns <=2 or oldA.shape[1] <= 2 or oldB.shape[0] <= 2):\n",
        "        return np.matmul(oldA,oldB)\n",
        "    \n",
        "    A = ModifyMatrix(oldA)\n",
        "    B = ModifyMatrix(oldB)\n",
        "    N1 = A.shape[0]\n",
        "    N2 = A.shape[1]\n",
        "    N3 = B.shape[0]\n",
        "    N4 = B.shape[1]\n",
        "    \n",
        " \n",
        "    a = A[0:N1//2,0:N2//2]\n",
        "    b = A[0:N1//2,N2//2:N2//2+N2//2]\n",
        "    c = A[N1//2:N1//2+N1//2,0:N2//2]\n",
        "    d = A[N1//2:N1//2+N1//2,N2//2:N2//2+N2//2]\n",
        "    \n",
        "    e = B[0:N3//2,0:N4//2]\n",
        "    f = B[0:N3//2,N4//2:N4//2+N4//2]\n",
        "    g = B[N3//2:N3//2+N3//2,0:N4//2]\n",
        "    h = B[N3//2:N3//2+N3//2,N4//2:N4//2+N4//2]\n",
        "    \n",
        "    \n",
        "    p1 = FastMultiply(a,(f-h))\n",
        "    p3 = FastMultiply((c+d),e)\n",
        "    p2 = FastMultiply((a+b),h)\n",
        "    p4 = FastMultiply(d,(g-e))\n",
        "    p5 = FastMultiply((a+d),(e+h))\n",
        "    p6 = FastMultiply((b-d),(g+h))\n",
        "    p7 = FastMultiply((a-c),(e+f))\n",
        "    \n",
        "    \n",
        "    C = np.zeros((rows,columns))\n",
        "    \n",
        "    c11 = p5 + p4 - p2 + p6\n",
        "    c12 = p1 + p2\n",
        "    c21 = p3 + p4\n",
        "    c22 = p1 + p5 - p3 - p7\n",
        "    \n",
        " \n",
        "    \n",
        "    for i in range(0,N1//2):\n",
        "        for j in range(0,N4//2):\n",
        "            C[i][j] = c11[i][j]\n",
        "            if(j + N4//2 < columns):\n",
        "                C[i][j+N4//2] = c12[i][j]\n",
        "            if(i + N1//2 < rows):\n",
        "                C[i+N1//2][j] = c21[i][j]\n",
        "                if(j + N4//2 < columns):\n",
        "                    C[i+N1//2][j+N4//2] = c22[i][j]\n",
        "    return C"
      ],
      "execution_count": null,
      "outputs": []
    },
    {
      "cell_type": "code",
      "metadata": {
        "id": "XQ_I97vwN3An",
        "colab_type": "code",
        "colab": {}
      },
      "source": [
        "def conjugate_grad(A, b, x=None):\n",
        "    n = b.shape[0]\n",
        "    if not x:\n",
        "        x = np.ones((n,1))\n",
        "    r = np.dot(A, x) - b\n",
        "    p = - r\n",
        "    r_k_norm = FastMultiply(np.transpose(r), r)\n",
        "    for i in range(2*n):\n",
        "        Ap = np.dot(A, p)\n",
        "        \n",
        "        alpha = r_k_norm /FastMultiply(np.transpose(p), Ap)\n",
        "        x += alpha * p\n",
        "        r += alpha * Ap\n",
        "        r_kplus1_norm = FastMultiply(np.transpose(r), r)\n",
        "        beta = r_kplus1_norm / r_k_norm\n",
        "        r_k_norm = r_kplus1_norm\n",
        "        p = beta * p - r\n",
        "    return x"
      ],
      "execution_count": null,
      "outputs": []
    },
    {
      "cell_type": "code",
      "metadata": {
        "id": "MFwyUOMnN3cN",
        "colab_type": "code",
        "colab": {}
      },
      "source": [
        "NodesCondition = []\n",
        "ForcesCondition = []\n",
        "\n",
        "def DistNodes(f,s):\n",
        "    if(s[0] == f[0]):\n",
        "        aux = np.pi/2\n",
        "        if(s[1] < f[1]):\n",
        "             aux *= -1\n",
        "        return (np.sqrt((s[0]-f[0])**2+(s[1]-f[1])**2),aux)\n",
        "    else:\n",
        "        aux = np.arctan((s[1]-f[1])/(s[0]-f[0]))\n",
        "    if(aux < 0 and s[1] > f[1]):\n",
        "        aux += np.pi\n",
        "    if(s[1] < f[1]):\n",
        "        aux += np.pi\n",
        "        if(s[0] > f[0]):\n",
        "            aux += np.pi\n",
        "\n",
        "    return (np.sqrt((s[0]-f[0])**2+(s[1]-f[1])**2),aux)\n",
        " \n",
        " \n",
        "def UBoundaryCondition(nU,u,i):\n",
        "    nU[i][0] = u\n",
        "    NodesCondition.append(i)\n",
        " \n",
        "def FBoundaryCondition(nF,f,i):\n",
        "    nF[i][0] += f\n",
        "    ForcesCondition.append(i)\n",
        "    \n",
        "def AssemblyStiffness(nStiffnessMatrix,k,i,j):\n",
        "    for p in range(0,2):\n",
        "        for m in range(0,2):\n",
        "            nStiffnessMatrix[2*i+p][2*i+m] += k[p][m]\n",
        "            nStiffnessMatrix[2*i+p][2*j+m] += k[p][2+m]\n",
        "            nStiffnessMatrix[2*j+p][2*i+m] += k[p+2][m]\n",
        "            nStiffnessMatrix[2*j+p][2*j+m] += k[p+2][2+m]\n",
        " \n",
        "def Initialize(nStiffnessMatrix,nU,nF):\n",
        "    for i in range(0,Nodes):\n",
        "        nU[i][0] = 0\n",
        "        nF[i][0] = 0\n",
        "    for i in range(0,NumberOfElement):\n",
        "        AssemblyStiffness(nStiffnessMatrix,K[i],int(Elements[i][0]),int(Elements[i][1]))\n",
        "\n",
        "def TMatrix(nT,i,angle):\n",
        "    nT[2*i][2*i] = np.cos(angle)\n",
        "    nT[2*i][2*i+1] = np.sin(angle)\n",
        "    nT[2*i+1][2*i] = -np.sin(angle)\n",
        "    nT[2*i+1][2*i+1] = np.cos(angle)\n",
        "\n",
        "def ApplyT(nStiffnessMatrix, nT):\n",
        "    return FastMultiply(FastMultiply(nT,nStiffnessMatrix),np.transpose(nT))\n",
        "\n",
        "def PreSolvingStiffness(nStiffnessMatrix):\n",
        "    nsize = Nodes-len(NodesCondition)\n",
        "    newStiffness = np.zeros((nsize,nsize))\n",
        "    contr = -1\n",
        "    for i in range(0,Nodes):\n",
        "        contc = -1\n",
        "        flagr = False\n",
        "        for k in range(0,len(NodesCondition)):\n",
        "            if(i == NodesCondition[k]):\n",
        "                flagr = True\n",
        "                break\n",
        "        if(flagr):\n",
        "            continue\n",
        "        contr += 1\n",
        "        for j in range(0,Nodes):\n",
        "            flagc = False\n",
        "            for k in range(0,len(NodesCondition)):\n",
        "                if(j == NodesCondition[k]):\n",
        "                    flagc = True\n",
        "                    break\n",
        "            if(flagc):\n",
        "                continue\n",
        "            contc += 1\n",
        "            newStiffness[contr][contc] = nStiffnessMatrix[i][j]\n",
        "    return newStiffness\n",
        " \n",
        " \n",
        "def PreSolvingF(nF,nS,nU):\n",
        "    nsize = Nodes-len(NodesCondition)\n",
        "    newF = np.zeros(nsize).reshape(nsize,1)\n",
        "    contr = -1\n",
        "    for i in range(0,Nodes):\n",
        "        flagr = False\n",
        "        for k in range(0,len(NodesCondition)):\n",
        "            if(i == NodesCondition[k]):\n",
        "                flagr = True\n",
        "                break\n",
        "        if(flagr):\n",
        "            for k in range(0,Nodes):\n",
        "                nF[k][0] = nF[k][0]-nS[k][i]*nU[i][0]\n",
        "            continue\n",
        " \n",
        "            \n",
        "    for i in range(0,Nodes):\n",
        "        flagr = False\n",
        "        for k in range(0,len(NodesCondition)):\n",
        "            if(i == NodesCondition[k]):\n",
        "                flagr = True\n",
        "                break\n",
        "        if(flagr):\n",
        "            continue\n",
        "        contr += 1\n",
        "        newF[contr][0] = nF[i][0]\n",
        "    \n",
        "    return newF\n",
        "                      \n",
        " \n",
        "def Solve(nStiffnessMatrix,nU,nF):\n",
        "    newStiffness = PreSolvingStiffness(nStiffnessMatrix)\n",
        "    newF = PreSolvingF(nF,nStiffnessMatrix,nU)\n",
        "    u = conjugate_grad(newStiffness,newF)    \n",
        "    contr = -1\n",
        "    for i in range(0,Nodes):\n",
        "        flagr = False\n",
        "        for k in range(0,len(NodesCondition)):\n",
        "            if(i == NodesCondition[k]):\n",
        "                flagr = True\n",
        "                break\n",
        "        if(flagr):\n",
        "            continue\n",
        "        contr += 1\n",
        "        nU[i][0] = u[contr][0]\n",
        "    nnF = FastMultiply(StiffnessMatrix,nU)\n",
        "    return nU,nnF"
      ],
      "execution_count": null,
      "outputs": []
    },
    {
      "cell_type": "code",
      "metadata": {
        "id": "OQ5w1lkQN3iN",
        "colab_type": "code",
        "colab": {
          "base_uri": "https://localhost:8080/",
          "height": 972
        },
        "outputId": "47acb9cd-f8ca-4510-ff4e-32b495bbeb4a"
      },
      "source": [
        "NodesCondition = []\n",
        "Nodes = 5\n",
        "Nodes *= 2\n",
        "NumberOfElement = 6\n",
        "\n",
        "h = 1500 #mm\n",
        "E = 3.2e5 #MPA\n",
        "K = []\n",
        "A = (0.25*np.pi*(50)**2)*np.ones(Nodes) #mm^2\n",
        "L = []\n",
        "P_A = 5000 #N\n",
        "P_B = 4200 #N \n",
        "P_C = 2500 #N \n",
        "P_E = 3000 #N\n",
        "\n",
        "PosNodes = np.array([(0,0),(h,0),(0,h),(h,h),(h,2*h)])\n",
        "Elements = np.array([(0,2),(1,2),(1,3),(2,3),(2,4),(3,4)])\n",
        "\n",
        "for i in range(0,NumberOfElement):\n",
        "    L.append(DistNodes(PosNodes[Elements[i][0]],PosNodes[Elements[i][1]]))\n",
        "\n",
        "L = np.array(L)\n",
        "\n",
        "\n",
        "for i in range(0,NumberOfElement):\n",
        "    aux = np.zeros((4,4))\n",
        "    angle = L[i][1]\n",
        "    rows = [np.cos(angle),np.sin(angle),-np.cos(angle),-np.sin(angle)]\n",
        "    cols = [np.cos(angle),np.sin(angle),-np.cos(angle),-np.sin(angle)]\n",
        "    for j in range(0,4):\n",
        "        for k in range(0,4):\n",
        "            aux[j][k] = rows[j]*cols[k]\n",
        "    aux = aux*E*A[i]/L[i][0]\n",
        "    K.append(aux)\n",
        "\n",
        "\n",
        "StiffnessMatrix = np.zeros((Nodes,Nodes))\n",
        "\n",
        "U = np.zeros(Nodes).reshape(Nodes,1)\n",
        "F = np.zeros(Nodes).reshape(Nodes,1)\n",
        "\n",
        "Initialize(StiffnessMatrix,U,F)\n",
        "\n",
        "#Node in UBoundary = Node*2+(x=0,y=1)\n",
        "UBoundaryCondition(U,0,2*0+0) #Nodo 0 en X\n",
        "UBoundaryCondition(U,0,2*0+1) #Nodo 0 en Y\n",
        "UBoundaryCondition(U,0,2*1+0) #Nodo 3 en X\n",
        "UBoundaryCondition(U,0,2*1+1) #Nodo 3 en Y\n",
        "\n",
        "FBoundaryCondition(F,-P_C,2*2+0) #Nodo 2 en X\n",
        "FBoundaryCondition(F,-P_E,2*3+0) #Nodo 3 en X\n",
        "FBoundaryCondition(F,-P_B,2*4+0) #Nodo 4 en X\n",
        "FBoundaryCondition(F,P_A,2*4+1) #Nodo 4 en Y\n",
        "\n",
        "U,F=Solve(StiffnessMatrix,U,F)\n",
        "print(\"Stiffness Matrix:\\n\",StiffnessMatrix,'\\n')\n",
        "print(\"Displacements:\\n\",U,'\\n')\n",
        "print(\"Forces:\\n\",F)\n"
      ],
      "execution_count": null,
      "outputs": [
        {
          "output_type": "stream",
          "text": [
            "Stiffness Matrix:\n",
            " [[ 1.57054477e-27  2.56489426e-11  0.00000000e+00  0.00000000e+00\n",
            "  -1.57054477e-27 -2.56489426e-11  0.00000000e+00  0.00000000e+00\n",
            "   0.00000000e+00  0.00000000e+00]\n",
            " [ 2.56489426e-11  4.18879020e+05  0.00000000e+00  0.00000000e+00\n",
            "  -2.56489426e-11 -4.18879020e+05  0.00000000e+00  0.00000000e+00\n",
            "   0.00000000e+00  0.00000000e+00]\n",
            " [ 0.00000000e+00  0.00000000e+00  1.48096098e+05 -1.48096098e+05\n",
            "  -1.48096098e+05  1.48096098e+05 -1.57054477e-27 -2.56489426e-11\n",
            "   0.00000000e+00  0.00000000e+00]\n",
            " [ 0.00000000e+00  0.00000000e+00 -1.48096098e+05  5.66975118e+05\n",
            "   1.48096098e+05 -1.48096098e+05 -2.56489426e-11 -4.18879020e+05\n",
            "   0.00000000e+00  0.00000000e+00]\n",
            " [-1.57054477e-27 -2.56489426e-11 -1.48096098e+05  1.48096098e+05\n",
            "   7.15071216e+05  2.91038305e-11 -4.18879020e+05  0.00000000e+00\n",
            "  -1.48096098e+05 -1.48096098e+05]\n",
            " [-2.56489426e-11 -4.18879020e+05  1.48096098e+05 -1.48096098e+05\n",
            "   2.91038305e-11  7.15071216e+05  0.00000000e+00  0.00000000e+00\n",
            "  -1.48096098e+05 -1.48096098e+05]\n",
            " [ 0.00000000e+00  0.00000000e+00 -1.57054477e-27 -2.56489426e-11\n",
            "  -4.18879020e+05  0.00000000e+00  4.18879020e+05  5.12978852e-11\n",
            "  -1.57054477e-27 -2.56489426e-11]\n",
            " [ 0.00000000e+00  0.00000000e+00 -2.56489426e-11 -4.18879020e+05\n",
            "   0.00000000e+00  0.00000000e+00  5.12978852e-11  8.37758041e+05\n",
            "  -2.56489426e-11 -4.18879020e+05]\n",
            " [ 0.00000000e+00  0.00000000e+00  0.00000000e+00  0.00000000e+00\n",
            "  -1.48096098e+05 -1.48096098e+05 -1.57054477e-27 -2.56489426e-11\n",
            "   1.48096098e+05  1.48096098e+05]\n",
            " [ 0.00000000e+00  0.00000000e+00  0.00000000e+00  0.00000000e+00\n",
            "  -1.48096098e+05 -1.48096098e+05 -2.56489426e-11 -4.18879020e+05\n",
            "   1.48096098e+05  5.66975118e+05]] \n",
            "\n",
            "Displacements:\n",
            " [[ 0.        ]\n",
            " [ 0.        ]\n",
            " [ 0.        ]\n",
            " [ 0.        ]\n",
            " [-0.09868182]\n",
            " [-0.03318381]\n",
            " [-0.10584379]\n",
            " [ 0.02196338]\n",
            " [-0.20415235]\n",
            " [ 0.04392676]] \n",
            "\n",
            "Forces:\n",
            " [[ 8.51129525e-13]\n",
            " [ 1.39000000e+04]\n",
            " [ 9.70000000e+03]\n",
            " [-1.89000000e+04]\n",
            " [-2.50000000e+03]\n",
            " [ 7.27595761e-11]\n",
            " [-3.00000000e+03]\n",
            " [ 0.00000000e+00]\n",
            " [-4.20000000e+03]\n",
            " [ 5.00000000e+03]]\n"
          ],
          "name": "stdout"
        }
      ]
    },
    {
      "cell_type": "code",
      "metadata": {
        "id": "0xi7vU4aN3ni",
        "colab_type": "code",
        "colab": {
          "base_uri": "https://localhost:8080/",
          "height": 156
        },
        "outputId": "0d60cf6a-f062-42cb-c660-684f0256ae23"
      },
      "source": [
        "ElementDisplacement = []\n",
        "for i in range(0,NumberOfElement):\n",
        "    Node1 = Elements[i][0]\n",
        "    Node2 = Elements[i][1]\n",
        "    ElementDisplacement.append([(U[2*Node1][0],U[2*Node1+1][0]),(U[2*Node2][0],U[2*Node2+1][0])])\n",
        "Stress = []\n",
        "for i in range(0,NumberOfElement):\n",
        "    C = np.cos(L[i][1])\n",
        "    S = np.sin(L[i][1])\n",
        "    dd = ElementDisplacement[i]\n",
        "    print(i,L[i][1])\n",
        "    ss = -dd[0][0]*C - dd[0][1]*S + dd[1][0]*C+ dd[1][1]*S\n",
        "    Stress.append(ss*E/L[i][0])\n",
        "Stress = np.array(Stress)\n",
        "print(\"Esfuerzos (MPa)\")\n",
        "print(Stress)"
      ],
      "execution_count": null,
      "outputs": [
        {
          "output_type": "stream",
          "text": [
            "0 1.5707963267948966\n",
            "1 2.356194490192345\n",
            "2 1.5707963267948966\n",
            "3 0.0\n",
            "4 0.7853981633974483\n",
            "5 1.5707963267948966\n",
            "Esfuerzos (MPa)\n",
            "[-6.87549354  6.842404    4.78738069 -1.52788745 -2.88101221  4.78738069]\n"
          ],
          "name": "stdout"
        }
      ]
    },
    {
      "cell_type": "markdown",
      "metadata": {
        "id": "TtR1VYSgy2e0",
        "colab_type": "text"
      },
      "source": [
        "# Adding a non-stress bar"
      ]
    },
    {
      "cell_type": "code",
      "metadata": {
        "id": "Groeig1nN3sH",
        "colab_type": "code",
        "colab": {
          "base_uri": "https://localhost:8080/",
          "height": 972
        },
        "outputId": "941d7f6b-e0ae-48d8-e43b-4365bcbc8287"
      },
      "source": [
        "NodesCondition = []\n",
        "Nodes = 5\n",
        "Nodes *= 2\n",
        "NumberOfElement = 7\n",
        "\n",
        "h = 1500 #mm\n",
        "E = 3.2e5 #MPA\n",
        "K = []\n",
        "A = (0.25*np.pi*(50)**2)*np.ones(Nodes)\n",
        "L = []\n",
        "P_A = 5000\n",
        "P_B = 4200\n",
        "P_C = 2500\n",
        "P_E = 3000\n",
        "\n",
        "PosNodes = np.array([(0,0),(h,0),(0,h),(h,h),(h,2*h)])\n",
        "Elements = np.array([(0,2),(1,2),(1,3),(2,3),(2,4),(3,4),(0,1)])\n",
        "\n",
        "for i in range(0,NumberOfElement):\n",
        "    L.append(DistNodes(PosNodes[Elements[i][0]],PosNodes[Elements[i][1]]))\n",
        "\n",
        "L = np.array(L)\n",
        "\n",
        "\n",
        "for i in range(0,NumberOfElement):\n",
        "    aux = np.zeros((4,4))\n",
        "    angle = L[i][1]\n",
        "    rows = [np.cos(angle),np.sin(angle),-np.cos(angle),-np.sin(angle)]\n",
        "    cols = [np.cos(angle),np.sin(angle),-np.cos(angle),-np.sin(angle)]\n",
        "    for j in range(0,4):\n",
        "        for k in range(0,4):\n",
        "            aux[j][k] = rows[j]*cols[k]\n",
        "    aux = aux*E*A[i]/L[i][0]\n",
        "    K.append(aux)\n",
        "\n",
        "\n",
        "StiffnessMatrix = np.zeros((Nodes,Nodes))\n",
        "\n",
        "U = np.zeros(Nodes).reshape(Nodes,1)\n",
        "F = np.zeros(Nodes).reshape(Nodes,1)\n",
        "\n",
        "Initialize(StiffnessMatrix,U,F)\n",
        "\n",
        "#Node in UBoundary = Node*2+(x=0,y=1)\n",
        "UBoundaryCondition(U,0,2*0+0) #Nodo 0 en X\n",
        "UBoundaryCondition(U,0,2*0+1) #Nodo 0 en Y\n",
        "UBoundaryCondition(U,0,2*1+0) #Nodo 3 en X\n",
        "UBoundaryCondition(U,0,2*1+1) #Nodo 3 en Y\n",
        "\n",
        "FBoundaryCondition(F,-P_C,2*2+0) #Nodo 2 en X\n",
        "FBoundaryCondition(F,-P_E,2*3+0) #Nodo 3 en X\n",
        "FBoundaryCondition(F,-P_B,2*4+0) #Nodo 4 en X\n",
        "FBoundaryCondition(F,P_A,2*4+1) #Nodo 4 en Y\n",
        "\n",
        "\n",
        "U,F=Solve(StiffnessMatrix,U,F)\n",
        "print(\"Stiffness Matrix:\\n\",StiffnessMatrix,'\\n')\n",
        "print(\"Displacements:\\n\",U,'\\n')\n",
        "print(\"Forces:\\n\",F)\n"
      ],
      "execution_count": null,
      "outputs": [
        {
          "output_type": "stream",
          "text": [
            "Stiffness Matrix:\n",
            " [[ 4.18879020e+05  2.56489426e-11 -4.18879020e+05  0.00000000e+00\n",
            "  -1.57054477e-27 -2.56489426e-11  0.00000000e+00  0.00000000e+00\n",
            "   0.00000000e+00  0.00000000e+00]\n",
            " [ 2.56489426e-11  4.18879020e+05  0.00000000e+00  0.00000000e+00\n",
            "  -2.56489426e-11 -4.18879020e+05  0.00000000e+00  0.00000000e+00\n",
            "   0.00000000e+00  0.00000000e+00]\n",
            " [-4.18879020e+05  0.00000000e+00  5.66975118e+05 -1.48096098e+05\n",
            "  -1.48096098e+05  1.48096098e+05 -1.57054477e-27 -2.56489426e-11\n",
            "   0.00000000e+00  0.00000000e+00]\n",
            " [ 0.00000000e+00  0.00000000e+00 -1.48096098e+05  5.66975118e+05\n",
            "   1.48096098e+05 -1.48096098e+05 -2.56489426e-11 -4.18879020e+05\n",
            "   0.00000000e+00  0.00000000e+00]\n",
            " [-1.57054477e-27 -2.56489426e-11 -1.48096098e+05  1.48096098e+05\n",
            "   7.15071216e+05  2.91038305e-11 -4.18879020e+05  0.00000000e+00\n",
            "  -1.48096098e+05 -1.48096098e+05]\n",
            " [-2.56489426e-11 -4.18879020e+05  1.48096098e+05 -1.48096098e+05\n",
            "   2.91038305e-11  7.15071216e+05  0.00000000e+00  0.00000000e+00\n",
            "  -1.48096098e+05 -1.48096098e+05]\n",
            " [ 0.00000000e+00  0.00000000e+00 -1.57054477e-27 -2.56489426e-11\n",
            "  -4.18879020e+05  0.00000000e+00  4.18879020e+05  5.12978852e-11\n",
            "  -1.57054477e-27 -2.56489426e-11]\n",
            " [ 0.00000000e+00  0.00000000e+00 -2.56489426e-11 -4.18879020e+05\n",
            "   0.00000000e+00  0.00000000e+00  5.12978852e-11  8.37758041e+05\n",
            "  -2.56489426e-11 -4.18879020e+05]\n",
            " [ 0.00000000e+00  0.00000000e+00  0.00000000e+00  0.00000000e+00\n",
            "  -1.48096098e+05 -1.48096098e+05 -1.57054477e-27 -2.56489426e-11\n",
            "   1.48096098e+05  1.48096098e+05]\n",
            " [ 0.00000000e+00  0.00000000e+00  0.00000000e+00  0.00000000e+00\n",
            "  -1.48096098e+05 -1.48096098e+05 -2.56489426e-11 -4.18879020e+05\n",
            "   1.48096098e+05  5.66975118e+05]] \n",
            "\n",
            "Displacements:\n",
            " [[ 0.        ]\n",
            " [ 0.        ]\n",
            " [ 0.        ]\n",
            " [ 0.        ]\n",
            " [-0.09868182]\n",
            " [-0.03318381]\n",
            " [-0.10584379]\n",
            " [ 0.02196338]\n",
            " [-0.20415235]\n",
            " [ 0.04392676]] \n",
            "\n",
            "Forces:\n",
            " [[ 8.51129525e-13]\n",
            " [ 1.39000000e+04]\n",
            " [ 9.70000000e+03]\n",
            " [-1.89000000e+04]\n",
            " [-2.50000000e+03]\n",
            " [ 7.27595761e-11]\n",
            " [-3.00000000e+03]\n",
            " [ 0.00000000e+00]\n",
            " [-4.20000000e+03]\n",
            " [ 5.00000000e+03]]\n"
          ],
          "name": "stdout"
        }
      ]
    },
    {
      "cell_type": "code",
      "metadata": {
        "id": "SZ8lNCAFN3we",
        "colab_type": "code",
        "colab": {
          "base_uri": "https://localhost:8080/",
          "height": 69
        },
        "outputId": "e8da0f32-b9d6-4714-93a6-5c555dfeee98"
      },
      "source": [
        "ElementDisplacement = []\n",
        "for i in range(0,NumberOfElement):\n",
        "    Node1 = Elements[i][0]\n",
        "    Node2 = Elements[i][1]\n",
        "    ElementDisplacement.append([(U[2*Node1][0],U[2*Node1+1][0]),(U[2*Node2][0],U[2*Node2+1][0])])\n",
        "Stress = []\n",
        "for i in range(0,NumberOfElement):\n",
        "    C = np.cos(L[i][1])\n",
        "    S = np.sin(L[i][1])\n",
        "    dd = ElementDisplacement[i]\n",
        "    ss = -dd[0][0]*C - dd[0][1]*S + dd[1][0]*C+dd[1][1]*S\n",
        "    Stress.append(ss*E/L[i][0])\n",
        "Stress = np.array(Stress)\n",
        "print(\"Esfuerzos (MPa)\")\n",
        "print(Stress)"
      ],
      "execution_count": null,
      "outputs": [
        {
          "output_type": "stream",
          "text": [
            "Esfuerzos (MPa)\n",
            "[-0.00707921  0.00698645  0.00468552 -0.00152789 -0.00302506  0.00468552\n",
            "  0.        ]\n"
          ],
          "name": "stdout"
        }
      ]
    },
    {
      "cell_type": "markdown",
      "metadata": {
        "id": "FPxDE9w0dSea",
        "colab_type": "text"
      },
      "source": [
        "El nuevo elemento (6) tiene esfuerzo 0, como se supone pues esta barra añadida no soporta ningún esfuerzo. Sin embargo, suele utilizarse por motivos de diseño frente a cargas excesivas."
      ]
    },
    {
      "cell_type": "markdown",
      "metadata": {
        "id": "kcdSBJtrIXX_",
        "colab_type": "text"
      },
      "source": [
        "# Changing conditions: Section F problem"
      ]
    },
    {
      "cell_type": "code",
      "metadata": {
        "id": "2SRpjsvUy7oq",
        "colab_type": "code",
        "colab": {
          "base_uri": "https://localhost:8080/",
          "height": 972
        },
        "outputId": "5194e097-2f09-41ae-cce6-373bbb6dfdb5"
      },
      "source": [
        "NodesCondition = []\n",
        "Nodes = 5\n",
        "Nodes *= 2\n",
        "NumberOfElement = 6\n",
        "\n",
        "h = 1200 #mm\n",
        "E = 3.2e5 #MPA\n",
        "K = []\n",
        "A = (0.25*np.pi*(50)**2)*np.ones(Nodes)\n",
        "L = []\n",
        "P_A = 5400\n",
        "P_B = 4000\n",
        "P_C = 2500\n",
        "P_E = 3000\n",
        "\n",
        "PosNodes = np.array([(0,0),(h,0),(0,h),(h,h),(h,2*h)])\n",
        "Elements = np.array([(0,2),(1,2),(1,3),(2,3),(2,4),(3,4)])\n",
        "\n",
        "for i in range(0,NumberOfElement):\n",
        "    L.append(DistNodes(PosNodes[Elements[i][0]],PosNodes[Elements[i][1]]))\n",
        "\n",
        "L = np.array(L)\n",
        "\n",
        "\n",
        "for i in range(0,NumberOfElement):\n",
        "    aux = np.zeros((4,4))\n",
        "    angle = L[i][1]\n",
        "    rows = [np.cos(angle),np.sin(angle),-np.cos(angle),-np.sin(angle)]\n",
        "    cols = [np.cos(angle),np.sin(angle),-np.cos(angle),-np.sin(angle)]\n",
        "    for j in range(0,4):\n",
        "        for k in range(0,4):\n",
        "            aux[j][k] = rows[j]*cols[k]\n",
        "    aux = aux*E*A[i]/L[i][0]\n",
        "    K.append(aux)\n",
        "\n",
        "\n",
        "StiffnessMatrix = np.zeros((Nodes,Nodes))\n",
        "\n",
        "U = np.zeros(Nodes).reshape(Nodes,1)\n",
        "F = np.zeros(Nodes).reshape(Nodes,1)\n",
        "\n",
        "Initialize(StiffnessMatrix,U,F)\n",
        "\n",
        "#Node in UBoundary = Node*2+(x=0,y=1)\n",
        "UBoundaryCondition(U,0,2*0+0) #Nodo 0 en X\n",
        "UBoundaryCondition(U,0,2*0+1) #Nodo 0 en Y\n",
        "UBoundaryCondition(U,0,2*1+0) #Nodo 3 en X\n",
        "UBoundaryCondition(U,0,2*1+1) #Nodo 3 en Y\n",
        "\n",
        "FBoundaryCondition(F,-P_C,2*2+0) #Nodo 2 en X\n",
        "FBoundaryCondition(F,-P_E,2*3+0) #Nodo 3 en X\n",
        "FBoundaryCondition(F,-P_B,2*4+0) #Nodo 4 en X\n",
        "FBoundaryCondition(F,P_A,2*4+1) #Nodo 4 en Y\n",
        "\n",
        "U,F=Solve(StiffnessMatrix,U,F)\n",
        "print(\"Stiffness Matrix:\\n\",StiffnessMatrix,'\\n')\n",
        "print(\"Displacements:\\n\",U,'\\n')\n",
        "print(\"Forces:\\n\",F)\n"
      ],
      "execution_count": null,
      "outputs": [
        {
          "output_type": "stream",
          "text": [
            "Stiffness Matrix:\n",
            " [[ 1.96318096e-27  3.20611782e-11  0.00000000e+00  0.00000000e+00\n",
            "  -1.96318096e-27 -3.20611782e-11  0.00000000e+00  0.00000000e+00\n",
            "   0.00000000e+00  0.00000000e+00]\n",
            " [ 3.20611782e-11  5.23598776e+05  0.00000000e+00  0.00000000e+00\n",
            "  -3.20611782e-11 -5.23598776e+05  0.00000000e+00  0.00000000e+00\n",
            "   0.00000000e+00  0.00000000e+00]\n",
            " [ 0.00000000e+00  0.00000000e+00  1.85120122e+05 -1.85120122e+05\n",
            "  -1.85120122e+05  1.85120122e+05 -1.96318096e-27 -3.20611782e-11\n",
            "   0.00000000e+00  0.00000000e+00]\n",
            " [ 0.00000000e+00  0.00000000e+00 -1.85120122e+05  7.08718898e+05\n",
            "   1.85120122e+05 -1.85120122e+05 -3.20611782e-11 -5.23598776e+05\n",
            "   0.00000000e+00  0.00000000e+00]\n",
            " [-1.96318096e-27 -3.20611782e-11 -1.85120122e+05  1.85120122e+05\n",
            "   8.93839020e+05  2.91038305e-11 -5.23598776e+05  0.00000000e+00\n",
            "  -1.85120122e+05 -1.85120122e+05]\n",
            " [-3.20611782e-11 -5.23598776e+05  1.85120122e+05 -1.85120122e+05\n",
            "   2.91038305e-11  8.93839020e+05  0.00000000e+00  0.00000000e+00\n",
            "  -1.85120122e+05 -1.85120122e+05]\n",
            " [ 0.00000000e+00  0.00000000e+00 -1.96318096e-27 -3.20611782e-11\n",
            "  -5.23598776e+05  0.00000000e+00  5.23598776e+05  6.41223565e-11\n",
            "  -1.96318096e-27 -3.20611782e-11]\n",
            " [ 0.00000000e+00  0.00000000e+00 -3.20611782e-11 -5.23598776e+05\n",
            "   0.00000000e+00  0.00000000e+00  6.41223565e-11  1.04719755e+06\n",
            "  -3.20611782e-11 -5.23598776e+05]\n",
            " [ 0.00000000e+00  0.00000000e+00  0.00000000e+00  0.00000000e+00\n",
            "  -1.85120122e+05 -1.85120122e+05 -1.96318096e-27 -3.20611782e-11\n",
            "   1.85120122e+05  1.85120122e+05]\n",
            " [ 0.00000000e+00  0.00000000e+00  0.00000000e+00  0.00000000e+00\n",
            "  -1.85120122e+05 -1.85120122e+05 -3.20611782e-11 -5.23598776e+05\n",
            "   1.85120122e+05  7.08718898e+05]] \n",
            "\n",
            "Displacements:\n",
            " [[ 0.        ]\n",
            " [ 0.        ]\n",
            " [ 0.        ]\n",
            " [ 0.        ]\n",
            " [-0.07710113]\n",
            " [-0.0257831 ]\n",
            " [-0.08283071]\n",
            " [ 0.01795268]\n",
            " [-0.16039718]\n",
            " [ 0.03590536]] \n",
            "\n",
            "Forces:\n",
            " [[ 8.26636589e-13]\n",
            " [ 1.35000000e+04]\n",
            " [ 9.50000000e+03]\n",
            " [-1.89000000e+04]\n",
            " [-2.50000000e+03]\n",
            " [ 6.91215973e-11]\n",
            " [-3.00000000e+03]\n",
            " [ 0.00000000e+00]\n",
            " [-4.00000000e+03]\n",
            " [ 5.40000000e+03]]\n"
          ],
          "name": "stdout"
        }
      ]
    },
    {
      "cell_type": "code",
      "metadata": {
        "id": "3yvMqwL0y-5V",
        "colab_type": "code",
        "colab": {
          "base_uri": "https://localhost:8080/",
          "height": 52
        },
        "outputId": "e9e93140-3abe-4f57-e7cf-8bec69fc5849"
      },
      "source": [
        "ElementDisplacement = []\n",
        "for i in range(0,NumberOfElement):\n",
        "    Node1 = Elements[i][0]\n",
        "    Node2 = Elements[i][1]\n",
        "    ElementDisplacement.append([(U[2*Node1][0],U[2*Node1+1][0]),(U[2*Node2][0],U[2*Node2+1][0])])\n",
        "Stress = []\n",
        "for i in range(0,NumberOfElement):\n",
        "    C = np.cos(L[i][1])\n",
        "    S = np.sin(L[i][1])\n",
        "    dd = ElementDisplacement[i]\n",
        "    ss = -dd[0][0]*C - dd[0][1]*S + dd[1][0]*C+dd[1][1]*S\n",
        "    Stress.append(ss*E/L[i][0])\n",
        "Stress = np.array(Stress)\n",
        "print(\"Esfuerzos (MPa)\")\n",
        "print(Stress)"
      ],
      "execution_count": null,
      "outputs": [
        {
          "output_type": "stream",
          "text": [
            "Esfuerzos (MPa)\n",
            "[-6.87549354  6.842404    4.78738069 -1.52788745 -2.88101221  4.78738069]\n"
          ],
          "name": "stdout"
        }
      ]
    }
  ]
}